3893.42875000002  8 12 12
2364.99580000003  9 12 12
3115.07280000002  10 12 12
1693.10640000002  11 12 12
4600.34885000002  12 12 12
1881.27790000002  13 12 12
2324.85485  14 12 12
1030.6502  15 12 12
2420.46840000003  16 12 12
1338.29910000003  17 12 12
2014.11705  18 12 12
1732.98599999998  19 12 12
1749.26159999998  20 12 12
1215.6593  21 12 12
1978.0028  22 12 12
1288.0429  23 12 12
1545.47295000001  24 12 12
992.438099999999  25 12 12
1431.43725000002  26 12 12
966  27 12 12
894.5  28 12 12
