1275.36625000001  9 13 13
2324.76530000001  10 13 13
1035.13935000001  11 13 13
2786.49890000001  12 13 13
846.279249999992  13 13 13
2666.43359999999  14 13 13
851.594500000007  15 13 13
1850.34620000001  16 13 13
715.120150000003  17 13 13
1468.96609999999  18 13 13
624.675999999978  19 13 13
1448.889  20 13 13
1362.93865  21 13 13
1700.11309999999  22 13 13
1157.46684999997  23 13 13
1405.41479999997  24 13 13
839.345999999991  25 13 13
1170  26 13 13
780  27 13 13
831  28 13 13
580  29 13 13
