1748.7948  9 14 14
3141.20335000001  10 14 14
2025.23020000002  11 14 14
2862.41255000002  12 14 14
1932.39690000002  13 14 14
4353.00555000003  14 14 14
1067.79960000003  15 14 14
2010.90375  16 14 14
1306.28789999997  17 14 14
2346.00479999997  18 14 14
1520.35749999998  19 14 14
2538.78019999998  20 14 14
1822.42449999999  21 14 14
1954.62835000001  22 14 14
1731.7004  23 14 14
2044.7212  24 14 14
1572.0656  25 14 14
2097.89165  26 14 14
1964.49400000001  27 14 14
1942.5  28 14 14
1249  29 14 14
1377.5  30 14 14
