2296  10 15 15
1201.7069  11 15 15
2570.63500000001  12 15 15
1658.08290000001  13 15 15
3278.4924  14 15 15
495.840949999998  15 15 15
2187.67789999998  16 15 15
1084.07019999999  17 15 15
1910.56089999998  18 15 15
1048.87804999997  19 15 15
2457.93519999998  20 15 15
1675.86465  21 15 15
1559.70699999999  22 15 15
1263.75859999997  23 15 15
1394.25679999997  24 15 15
738.010600000009  25 15 15
1456.09310000003  26 15 15
1057.48925000001  27 15 15
1054.8438  28 15 15
613.5  29 15 15
1016  30 15 15
451.5  31 15 15
