1608.0754  11 16 16
3123.60310000001  12 16 16
1898.6015  13 16 16
2990.77515  14 16 16
994.862800000032  15 16 16
3201.34145000001  16 16 16
1387.75459999999  17 16 16
2215.65654999999  18 16 16
1451.70769999997  19 16 16
2792.82419999997  20 16 16
1866.25200000001  21 16 16
1831.66755000001  22 16 16
1686.86290000001  23 16 16
1752.22500000001  24 16 16
1229.21970000002  25 16 16
2035.72770000005  26 16 16
1225.52950000003  27 16 16
1444.8842  28 16 16
952.338799999998  29 16 16
1280.5  30 16 16
659  31 16 16
1374  32 16 16
