2440.45300000001  12 17 17
1178.16255000002  13 17 17
2704.47330000001  14 17 17
684.239999999962  15 17 17
2115.94509999995  16 17 17
568.351149999973  17 17 17
2032.48520000002  18 17 17
865.532900000049  19 17 17
2101.48730000001  20 17 17
982.767399999982  21 17 17
1122.2525  22 17 17
995.888050000009  23 17 17
1112.39690000002  24 17 17
901.581650000036  25 17 17
1504.1416  26 17 17
732.057349999959  27 17 17
1155.58479999998  28 17 17
182.297550000018  29 17 17
574.158900000009  30 17 17
160.5  31 17 17
998  32 17 17
197.5  33 17 17
719  34 17 17
