2572  12 18 18
1378.1424  13 18 18
3166.51244999999  14 18 18
905.028499999986  15 18 18
2162.5025  16 18 18
1257.63009999998  17 18 18
3234.05775000001  18 18 18
1525.50390000001  19 18 18
2619.88889999999  20 18 18
1635.16810000001  21 18 18
1885.04675000007  22 18 18
1663.77880000009  23 18 18
1884.01825000005  24 18 18
1538.15770000001  25 18 18
1782.95359999998  26 18 18
1451.45769999997  27 18 18
2202.22  28 18 18
695.819900000031  29 18 18
1143.46130000002  30 18 18
729.974400000006  31 18 18
1455  32 18 18
830  33 18 18
1552.5  34 18 18
1227  35 18 18
