1076.5  13 19 19
2826  14 19 19
590.215750000003  15 19 19
1854.41210000002  16 19 19
569.364950000017  17 19 19
1691.22989999998  18 19 19
502.937699999951  19 19 19
2639.06549999997  20 19 19
1147.87364999996  21 19 19
1280.78399999996  22 19 19
1045.43894999998  23 19 19
1173.6275  24 19 19
814.018149999989  25 19 19
1017.9265  26 19 19
749.880200000014  27 19 19
1862.77449999997  28 19 19
377.257899999939  29 19 19
605.329599999939  30 19 19
335.622349999932  31 19 19
1082.71469999992  32 19 19
267.960099999938  33 19 19
1163.19859999997  34 19 19
771.493199999997  35 19 19
939  36 19 19
697.5  37 19 19
854  38 19 19
493.5  39 19 19
