3211.5  14 20 20
966.838199999998  15 20 20
2477.72745000001  16 20 20
1118.76490000004  17 20 20
1849.11380000005  18 20 20
1169.74370000002  19 20 20
3636.0938  20 20 20
1558.9411  21 20 20
1773.90549999999  22 20 20
1599.14050000001  23 20 20
1858.1789  24 20 20
1491.94069999998  25 20 20
1561.16225000002  26 20 20
1337.57320000007  27 20 20
2402.53400000004  28 20 20
607.045899999968  29 20 20
773.075749999931  30 20 20
595.44359999997  31 20 20
1406.26325000005  32 20 20
325.722100000072  33 20 20
1141.54510000002  34 20 20
685.112099999999  35 20 20
902.29740000001  36 20 20
956.631200000003  37 20 20
1146  38 20 20
1050  39 20 20
1392.5  40 20 20
