726.5  15 21 21
2168  16 21 21
936.921250000014  17 21 21
1782.44850000003  18 21 21
884.190200000012  19 21 21
2320.18359999999  20 21 21
294.254099999962  21 21 21
1219.63219999996  22 21 21
814.200250000024  23 21 21
1283.47950000002  24 21 21
942.93479999993  25 21 21
1203.97529999993  26 21 21
945.557950000017  27 21 21
2041.84420000002  28 21 21
369.28039999996  29 21 21
720.011799999949  30 21 21
486.390399999975  31 21 21
1288.80499999999  32 21 21
367.898749999993  33 21 21
865.219699999958  34 21 21
595.032999999938  35 21 21
881.944999999978  36 21 21
625.034650000016  37 21 21
824.666300000012  38 21 21
641.015350000002  39 21 21
916  40 21 21
555.5  41 21 21
