2454  16 22 22
1304.264  17 22 22
2392.55554999999  18 22 22
1351.3591  19 22 22
2597.79145000002  20 22 22
2010.88080000004  21 22 22
3385.65765000007  22 22 22
1828.16140000001  23 22 22
2154.32979999995  24 22 22
1372.99819999997  25 22 22
1742.14059999998  26 22 22
1398.39779999998  27 22 22
2283.37814999997  28 22 22
721.818099999946  29 22 22
1170.49959999995  30 22 22
729.320899999962  31 22 22
1386.85939999993  32 22 22
750.933899999945  33 22 22
1305.83520000003  34 22 22
768.481400000106  35 22 22
783.809200000105  36 22 22
642.815000000031  37 22 22
967.147999999987  38 22 22
735.573999999993  39 22 22
1044.5  40 22 22
989  41 22 22
1202.5  42 22 22
