1017  17 23 23
2121  18 23 23
1199.02734999999  19 23 23
2209.00729999997  20 23 23
1093.31904999996  21 23 23
1444.45269999999  22 23 23
-129.141499999969  23 23 23
1230.11629999999  24 23 23
506.605749999959  25 23 23
1111.53509999998  26 23 23
859.393349999969  27 23 23
1869.97119999997  28 23 23
584.360849999997  29 23 23
1181.02710000001  30 23 23
590.138699999981  31 23 23
1084.30229999992  32 23 23
596.697599999927  33 23 23
1128.07109999994  34 23 23
592.258249999955  35 23 23
851.62360000005  36 23 23
806.46615000008  37 23 23
1026.83919999999  38 23 23
745.467199999926  39 23 23
978.745199999947  40 23 23
622.098349999986  41 23 23
823  42 23 23
650  43 23 23
