2154  18 24 24
1227.783  19 24 24
2689.67249999999  20 24 24
1931.9319  21 24 24
2432.62085000001  22 24 24
1583.34820000001  23 24 24
2873.59330000001  24 24 24
1208.98989999999  25 24 24
1869.8327  26 24 24
1389.72230000002  27 24 24
2050.34259999997  28 24 24
889.828099999897  29 24 24
1736.4103499999  30 24 24
999.928599999956  31 24 24
1467.47059999997  32 24 24
1113.47890000002  33 24 24
1671.34505000003  34 24 24
1334.21979999996  35 24 24
1602.28204999995  36 24 24
1384.05070000002  37 24 24
1515.20780000003  38 24 24
1067.99589999998  39 24 24
1395.50269999995  40 24 24
1088.00319999998  41 24 24
1356.5  42 24 24
1135  43 24 24
1226  44 24 24
1033  45 24 24
