1279  19 25 25
2491.14850000001  20 25 25
1347.62195000003  21 25 25
1709.18080000003  22 25 25
796.507250000024  23 25 25
1658.15990000003  24 25 25
304.687600000034  25 25 25
1574.08650000003  26 25 25
755.397400000016  27 25 25
1555.52959999998  28 25 25
643.196749999945  29 25 25
1477.58249999993  30 25 25
687.74054999993  31 25 25
1116.65959999996  32 25 25
678.23649999997  33 25 25
1127.57539999997  34 25 25
665.787649999984  35 25 25
996.175499999954  36 25 25
790.629450000008  37 25 25
1130.5598000001  38 25 25
938.164500000072  39 25 25
1097.62920000003  40 25 25
536.963900000032  41 25 25
771.646200000017  42 25 25
549  43 25 25
649  44 25 25
532.5  45 25 25
810  46 25 25
472.5  47 25 25
