2445.5  20 26 26
1284.40960000001  21 26 26
2073.67275000003  22 26 26
1491.7867  23 26 26
2006.50219999996  24 26 26
1215.09269999998  25 26 26
2763.7592  26 26 26
1345.86909999995  27 26 26
2040.16039999994  28 26 26
949.465099999972  29 26 26
1775.44239999997  30 26 26
1199.19969999997  31 26 26
1731.78384999998  32 26 26
1119.26420000001  33 26 26
1620.44100000005  34 26 26
1225.10850000003  35 26 26
1599.98804999999  36 26 26
1288.174  37 26 26
1542.78385000007  38 26 26
1300.7951000001  39 26 26
1604.68685000006  40 26 26
1283.20319999999  41 26 26
1448.64734999998  42 26 26
1187  43 26 26
1315  44 26 26
1115  45 26 26
1281  46 26 26
999  47 26 26
1357.5  48 26 26
946  49 26 26
