1326  21 27 27
1864.0325  22 27 27
976.06495  23 27 27
1375.45679999999  24 27 27
656.780449999991  25 27 27
1482.35050000003  26 27 27
334.618100000021  27 27 27
2004.70390000002  28 27 27
647.307650000061  29 27 27
1401.75060000003  30 27 27
940.456099999981  31 27 27
1480.97499999998  32 27 27
913.571549999993  33 27 27
1360.75930000003  34 27 27
950.465900000068  35 27 27
1243.13430000003  36 27 27
725.940599999973  37 27 27
1084.7157  38 27 27
844.9543000001  39 27 27
1296.22130000009  40 27 27
1211.03079999995  41 27 27
1301.6743999999  42 27 27
852.725099999982  43 27 27
945.212400000019  44 27 27
842.071200000006  45 27 27
1035  46 27 27
724.5  47 27 27
954  48 27 27
588.5  49 27 27
1453  50 27 27
