1164  21 28 28
1890  22 28 28
1361.34020000001  23 28 28
1925.19555000003  24 28 28
1288.25610000009  25 28 28
1794.9176000001  26 28 28
1257.01890000005  27 28 28
3197.68544999999  28 28 28
984.296899999928  29 28 28
1608.4739999999  30 28 28
1194.22709999996  31 28 28
1783.81655000005  32 28 28
1387.81340000004  33 28 28
1878.97569999995  34 28 28
1409.84239999991  35 28 28
1779.69055  36 28 28
1426.86620000005  37 28 28
1572.04784999997  38 28 28
992.368099999963  39 28 28
1603.15075000003  40 28 28
1360.19110000005  41 28 28
1521.42370000004  42 28 28
1313.72990000003  43 28 28
1468.86655000004  44 28 28
1339.96310000005  45 28 28
1500.16915000003  46 28 28
1190  47 28 28
1378.5  48 28 28
1182  49 28 28
2167  50 28 28
952  51 28 28
1115  52 28 28
855  53 28 28
