1562  24 29 29
1116.41749999998  25 29 29
1687.09539999996  26 29 29
842.479399999982  27 29 29
2160.2242  28 29 29
165.883949999959  29 29 29
1351.89989999993  30 29 29
825.999049999984  31 29 29
1417.66090000008  32 29 29
994.422200000088  33 29 29
1473.88910000003  34 29 29
997.354950000008  35 29 29
1422.32130000001  36 29 29
1033.3247  37 29 29
1406.88670000003  38 29 29
960.843350000097  39 29 29
1464.5069000001  40 29 29
1247.29395000008  41 29 29
1331.44020000007  42 29 29
1066.28530000005  43 29 29
1092.83900000004  44 29 29
722.62089999998  45 29 29
976.296999999904  46 29 29
684.895799999882  47 29 29
977.278799999913  48 29 29
845.958849999937  49 29 29
1681.99149999995  50 29 29
489.550999999978  51 29 29
717  52 29 29
462.5  53 29 29
694  54 29 29
