1282  25 30 30
1992.5  26 30 30
1283.45430000001  27 30 30
2404.89270000005  28 30 30
1020.99450000009  29 30 30
2392.17920000007  30 30 30
1322.37230000005  31 30 30
1886.91940000007  32 30 30
1372.62470000004  33 30 30
1941.29190000001  34 30 30
1539.59790000005  35 30 30
2003.02710000006  36 30 30
1572.81570000009  37 30 30
1858.01415000006  38 30 30
1368.04310000001  39 30 30
1691.39870000008  40 30 30
1526.33110000013  41 30 30
1684.3905000001  42 30 30
1357.69320000004  43 30 30
1680.55829999998  44 30 30
1470.95939999993  45 30 30
1628.96479999996  46 30 30
1103.92809999996  47 30 30
1372.48879999988  48 30 30
1133.63049999991  49 30 30
1832.63615000003  50 30 30
781.623300000036  51 30 30
1059.62390000001  52 30 30
769.817500000005  53 30 30
1160  54 30 30
908  55 30 30
