1705  26 31 31
1028  27 31 31
2167  28 31 31
840.154650000011  29 31 31
1344.31740000006  30 31 31
-146.138099999866  31 31 31
1137.17580000008  32 31 31
769.465499999991  33 31 31
1379.2097999999  34 31 31
1044.5941499999  35 31 31
1474.26569999999  36 31 31
1017.4326  37 31 31
1329.71519999992  38 31 31
823.324599999876  39 31 31
1389.91219999996  40 31 31
1330.94890000008  41 31 31
1380.38600000006  42 31 31
1030.36734999996  43 31 31
1287.5026999999  44 31 31
929.843499999901  45 31 31
991.98259999993  46 31 31
566.270299999975  47 31 31
1084.47980000003  48 31 31
864.486550000031  49 31 31
1550.76020000002  50 31 31
511.819400000037  51 31 31
744.699400000041  52 31 31
406.457150000031  53 31 31
811.289500000014  54 31 31
518.669750000001  55 31 31
762  56 31 31
