1204  27 32 32
2464.5  28 32 32
1032  29 32 32
1766.92394999997  30 32 32
1300.22549999994  31 32 32
2615.78115  32 32 32
1483.04550000001  33 32 32
2031.06839999993  34 32 32
1619.2024999999  35 32 32
2091.60339999996  36 32 32
1669.74340000004  37 32 32
2058.36910000007  38 32 32
1667.31260000006  39 32 32
1983.81090000004  40 32 32
1706.6431000001  41 32 32
1845.19640000013  42 32 32
1460.70390000008  43 32 32
1677.97835000005  44 32 32
1324.60750000004  45 32 32
1492.03120000003  46 32 32
1171.50529999996  47 32 32
1625.87709999993  48 32 32
1183.49799999996  49 32 32
1781.00475000002  50 32 32
805.314900000056  51 32 32
1098.50405000011  52 32 32
650.758300000103  53 32 32
1025.50175  54 32 32
838.089999999967  55 32 32
1206  56 32 32
960  57 32 32
