2161  28 33 33
906.5  29 33 33
1488  30 33 33
653.14075000002  31 33 33
1145.96930000006  32 33 33
-262.93889999995  33 33 33
1127.42350000003  34 33 33
955.175450000039  35 33 33
1497.92930000002  36 33 33
1168.7438  37 33 33
1611.36190000002  38 33 33
1193.19465000002  39 33 33
1407.81909999996  40 33 33
1133.41834999993  41 33 33
1458.48239999998  42 33 33
1183.88545  43 33 33
1362.15769999998  44 33 33
959.239050000033  45 33 33
1120.29880000011  46 33 33
870.099950000062  47 33 33
1373.30179999996  48 33 33
995.898949999944  49 33 33
1689.83769999997  50 33 33
575.673749999958  51 33 33
781.291999999958  52 33 33
441.384099999967  53 33 33
922.108199999959  54 33 33
642.566349999979  55 33 33
812  56 33 33
527.5  57 33 33
833  58 33 33
