1889.5  30 34 34
1250  31 34 34
1895.59759999998  32 34 34
1360.83399999992  33 34 34
2681.94229999994  34 34 34
1624.95600000001  35 34 34
2139.28179999994  36 34 34
1752.52759999991  37 34 34
2181.23594999994  38 34 34
1813.30639999994  39 34 34
2014.76860000001  40 34 34
1563.09880000004  41 34 34
1867.46854999999  42 34 34
1539.45699999994  43 34 34
1767.46994999988  44 34 34
1475.25709999993  45 34 34
1606.24825000006  46 34 34
1287.67350000009  47 34 34
1729.1127  48 34 34
1430.26829999994  49 34 34
2070.63874999993  50 34 34
811.807699999888  51 34 34
1083.28314999986  52 34 34
767.557199999865  53 34 34
1174.93844999996  54 34 34
849.810900000099  55 34 34
1013.95435000013  56 34 34
679.24780000007  57 34 34
982.361900000018  58 34 34
875  59 34 34
1137.5  60 34 34
