914  31 35 35
1328  32 35 35
605.1397  33 35 35
1154.40540000005  34 35 35
-44.6753499999177  35 35 35
1258.73830000003  36 35 35
1012.3567  37 35 35
1470.83280000003  38 35 35
1088.24370000005  39 35 35
1318.39800000004  40 35 35
881.836800000048  41 35 35
1364.19150000007  42 35 35
1199.27405000007  43 35 35
1397.47180000006  44 35 35
1133.53145000007  45 35 35
1283.19520000002  46 35 35
996.704449999961  47 35 35
1372.82949999999  48 35 35
1011.50170000002  49 35 35
1867.80249999999  50 35 35
601.324849999917  51 35 35
717.572199999879  52 35 35
367.010449999885  53 35 35
916.137699999905  54 35 35
690.484999999928  55 35 35
990.743899999943  56 35 35
765.95439999993  57 35 35
945.703999999911  58 35 35
729.834899999958  59 35 35
954  60 35 35
763.5  61 35 35
926  62 35 35
