1781  32 36 36
1215  33 36 36
1856.34950000001  34 36 36
1189.19380000001  35 36 36
2501.09755000001  36 36 36
1584.45470000006  37 36 36
1894.14820000011  38 36 36
1349.14310000004  39 36 36
1767.16444999992  40 36 36
1426.54509999993  41 36 36
1872.41500000004  42 36 36
1593.57850000006  43 36 36
1824.21020000003  44 36 36
1546.42680000007  45 36 36
1748.37425000011  46 36 36
1524.92950000009  47 36 36
1703.85870000004  48 36 36
1372.17460000003  49 36 36
2170.74275000003  50 36 36
768.95610000001  51 36 36
1068.63409999997  52 36 36
789.484899999923  53 36 36
1204.37644999998  54 36 36
890.322600000072  55 36 36
1214.34330000001  56 36 36
922.55409999995  57 36 36
1200.31969999999  58 36 36
1055.80690000003  59 36 36
1290.46910000005  60 36 36
1171.00430000003  61 36 36
1181.07175  62 36 36
841  63 36 36
950  64 36 36
