780.496649999986  35 37 37
875.638199999987  36 37 37
-300.856050000002  37 37 37
1021.14809999999  38 37 37
545.508499999996  39 37 37
1123.24060000002  40 37 37
881.214950000052  41 37 37
1247.33110000007  42 37 37
954.266900000046  43 37 37
1275.05840000004  44 37 37
1075.85890000011  45 37 37
1097.24960000016  46 37 37
860.019350000075  47 37 37
914.350999999966  48 37 37
635.564649999957  49 37 37
1919.79629999999  50 37 37
546.094600000011  51 37 37
725.10890000005  52 37 37
363.150299999979  53 37 37
676.037099999841  54 37 37
410.027399999788  55 37 37
952.281899999827  56 37 37
692.311499999953  57 37 37
931.737300000037  58 37 37
850.377650000039  59 37 37
657.395400000038  60 37 37
450.997499999998  61 37 37
803.633399999992  62 37 37
578.402150000038  63 37 37
808.321000000055  64 37 37
599.93405000004  65 37 37
782.040700000012  66 37 37
