1511.815  36 38 38
907.947200000053  37 38 38
2036.5756000001  38 38 38
907.356500000053  39 38 38
1532.39590000006  40 38 38
1263.04270000017  41 38 38
1807.56665000017  42 38 38
1632.62850000005  43 38 38
1847.18534999999  44 38 38
1532.20259999996  45 38 38
1699.12314999988  46 38 38
1483.04769999982  47 38 38
1531.41829999984  48 38 38
1342.29089999991  49 38 38
2377.07784999988  50 38 38
727.261699999916  51 38 38
1020.46005000011  52 38 38
757.208600000129  53 38 38
998.471799999941  54 38 38
770.701299999899  55 38 38
1244.15859999997  56 38 38
764.701100000006  57 38 38
1069.26569999999  58 38 38
1089.6399999999  59 38 38
872.788099999889  60 38 38
601.419999999984  61 38 38
895.781200000027  62 38 38
663.495200000005  63 38 38
842.147049999971  64 38 38
638.286299999978  65 38 38
981  66 38 38
794  67 38 38
1054.5  68 38 38
