892.5  37 39 39
1221  38 39 39
-56.2373999999836  39 39 39
1143.48920000001  40 39 39
609.766149999981  41 39 39
1106.79089999996  42 39 39
895.196799999976  43 39 39
1226.40470000007  44 39 39
1129.46435000014  45 39 39
1253.36070000008  46 39 39
1147.15755  47 39 39
1227.32140000002  48 39 39
1065.76655000006  49 39 39
2313.23560000007  50 39 39
534.353050000034  51 39 39
694.617699999944  52 39 39
472.741849999875  53 39 39
643.170199999877  54 39 39
366.070899999933  55 39 39
867.207199999946  56 39 39
331.714199999929  57 39 39
806.090199999977  58 39 39
1090.84309999994  59 39 39
838.737399999867  60 39 39
528.023349999916  61 39 39
807.848299999954  62 39 39
583.266249999928  63 39 39
827.48359999992  64 39 39
408.630399999965  65 39 39
619  66 39 39
488  67 39 39
685  68 39 39
441.5  69 39 39
