1698  38 40 40
1073  39 40 40
2649.84804999997  40 40 40
1676.82669999992  41 40 40
1896.02169999992  42 40 40
1606.21969999996  43 40 40
1878.26634999999  44 40 40
1520.16409999999  45 40 40
1707.85254999989  46 40 40
1451.79899999988  47 40 40
1516.31319999998  48 40 40
1322.73859999998  49 40 40
2385.76380000001  50 40 40
720.191400000069  51 40 40
950.213100000052  52 40 40
742.151900000114  53 40 40
878.348850000184  54 40 40
694.155600000056  55 40 40
1140.54509999993  56 40 40
423.614599999972  57 40 40
1005.07299999997  58 40 40
1210.57659999991  59 40 40
983.905549999909  60 40 40
816.090099999972  61 40 40
1096.43550000008  62 40 40
840.54970000009  63 40 40
1084.02304999996  64 40 40
757.63679999992  65 40 40
959.604999999981  66 40 40
764  67 40 40
1012  68 40 40
831  69 40 40
1143  70 40 40
843  71 40 40
997.5  72 40 40
