571  39 41 41
1256  40 41 41
188.039350000035  41 41 41
1109.91410000005  42 41 41
752.457400000014  43 41 41
1115.73660000006  44 41 41
943.029300000111  45 41 41
1221.68680000008  46 41 41
1078.57305000006  47 41 41
1209.21539999999  48 41 41
970.361449999968  49 41 41
2080.6177  50 41 41
472.145299999975  51 41 41
801.667299999972  52 41 41
630.497999999963  53 41 41
800.331299999962  54 41 41
591.711349999998  55 41 41
1039.08000000002  56 41 41
444.457649999997  57 41 41
677.410699999949  58 41 41
822.164799999911  59 41 41
846.727999999945  60 41 41
661.80575  61 41 41
974.027100000007  62 41 41
661.101449999958  63 41 41
908.703999999911  64 41 41
616.996349999914  65 41 41
849.86489999987  66 41 41
661.604249999858  67 41 41
762.246199999936  68 41 41
491.446149999974  69 41 41
745.661499999987  70 41 41
520  71 41 41
662  72 41 41
529  73 41 41
790  74 41 41
