1468  40 42 42
911  41 42 42
2232.39000000001  42 42 42
1629.63250000007  43 42 42
1913.63795000006  44 42 42
1513.92119999998  45 42 42
1736.6716  46 42 42
1414.59140000009  47 42 42
1560.62675000011  48 42 42
1281.71510000009  49 42 42
2300.62735000008  50 42 42
804.254400000093  51 42 42
1154.60665000009  52 42 42
892.612700000056  53 42 42
1166.59990000003  54 42 42
910.727699999989  55 42 42
1358.5698  56 42 42
1184.39410000009  57 42 42
1447.99615000008  58 42 42
1356.99350000004  59 42 42
1323.72505000007  60 42 42
997.975400000054  61 42 42
1201.18690000003  62 42 42
905.083200000052  63 42 42
1190.1172000001  64 42 42
893.675000000105  65 42 42
1147.16995000001  66 42 42
983.275699999882  67 42 42
1236.26904999989  68 42 42
1059.56979999994  69 42 42
1194.22739999997  70 42 42
981  71 42 42
1119.5  72 42 42
882  73 42 42
1024.5  74 42 42
1015  75 42 42
1159.5  76 42 42
