842  41 43 43
1195  42 43 43
184.403149999969  43 43 43
1061.11909999989  44 43 43
872.151849999908  45 43 43
1197.359  46 43 43
966.062000000034  47 43 43
1161.45380000008  48 43 43
870.677200000093  49 43 43
2064.0955  50 43 43
655.407349999878  51 43 43
1031.37099999987  52 43 43
801.248349999893  53 43 43
1097.50309999991  54 43 43
843.941050000023  55 43 43
1101.28920000012  56 43 43
815.278050000081  57 43 43
1047.65519999998  58 43 43
901.337249999924  59 43 43
1067.97809999995  60 43 43
946.142250000034  61 43 43
1148.69200000004  62 43 43
741.88414999994  63 43 43
900.425500000012  64 43 43
593.568250000069  65 43 43
804.131099999941  66 43 43
619.183499999868  67 43 43
877.924899999925  68 43 43
659.181700000074  69 43 43
881.938100000145  70 43 43
705.155200000096  71 43 43
881.185700000031  72 43 43
719.5  73 43 43
854  74 43 43
850.5  75 43 43
987  76 43 43
804  77 43 43
883  78 43 43
