1547  42 44 44
1344  43 44 44
2333.76799999998  44 44 44
1258.114  45 44 44
1579.16815000004  46 44 44
1352.6703  47 44 44
1572.93659999996  48 44 44
1225.68689999997  49 44 44
2246.35894999997  50 44 44
874.230999999971  51 44 44
1291.21935000003  52 44 44
1032.05970000004  53 44 44
1351.89344999997  54 44 44
1100.74419999996  55 44 44
1435.64360000001  56 44 44
1208.8015  57 44 44
1493.79360000003  58 44 44
1333.93530000007  59 44 44
1494.91680000001  60 44 44
1274.97340000002  61 44 44
1424.70300000004  62 44 44
1129.76039999997  63 44 44
1360.89099999995  64 44 44
1128.56630000001  65 44 44
1310.74690000009  66 44 44
1066.4299000001  67 44 44
1304.30505000002  68 44 44
1058.23019999999  69 44 44
1234.65435000003  70 44 44
1039.76270000002  71 44 44
1271.33275  72 44 44
1065.4595  73 44 44
1238.59375  74 44 44
1277  75 44 44
1352  76 44 44
1116  77 44 44
1192.5  78 44 44
1135  79 44 44
1149  80 44 44
