1431  44 45 45
474.5  45 45 45
1240.62940000003  46 45 45
788.644550000085  47 45 45
1058.44580000005  48 45 45
768.583799999964  49 45 45
2042.93339999992  50 45 45
781.35489999986  51 45 45
1166.09109999985  52 45 45
915.827299999946  53 45 45
1201.34790000005  54 45 45
907.345650000032  55 45 45
1225.20539999998  56 45 45
938.749049999984  57 45 45
1160.37109999999  58 45 45
982.141899999988  59 45 45
1190.27120000002  60 45 45
994.832050000026  61 45 45
1166.80009999999  62 45 45
900.320200000017  63 45 45
1069.32530000003  64 45 45
822.872650000034  65 45 45
1024.00360000011  66 45 45
804.354900000151  67 45 45
1046.27520000009  68 45 45
787.806350000028  69 45 45
1006.21389999997  70 45 45
827.247799999837  71 45 45
1085.46869999979  72 45 45
972.941249999916  73 45 45
1095.6606  74 45 45
969.022200000007  75 45 45
1026.0037  76 45 45
838.501850000001  77 45 45
891  78 45 45
775.5  79 45 45
843  80 45 45
598  81 45 45
1499  82 45 45
