1108.19699999999  45 46 46
2212.68194999994  46 46 46
1458.88329999993  47 46 46
1628.42549999995  48 46 46
1176.93749999988  49 46 46
2297.53439999983  50 46 46
946.349599999958  51 46 46
1326.62725000008  52 46 46
1083.96830000001  53 46 46
1405.1743999999  54 46 46
1125.6792999999  55 46 46
1458.40424999996  56 46 46
1192.0638  57 46 46
1457.68079999997  58 46 46
1233.42769999994  59 46 46
1512.26704999997  60 46 46
1343.22940000007  61 46 46
1534.64545000013  62 46 46
1321.07390000008  63 46 46
1534.71985000005  64 46 46
1340.08520000003  65 46 46
1532.84035000001  66 46 46
1315.18370000005  67 46 46
1482.18015000003  68 46 46
1234.86519999994  69 46 46
1406.16994999989  70 46 46
1185.79819999984  71 46 46
1472.76874999987  72 46 46
1426.69570000004  73 46 46
1484.78650000016  74 46 46
1265.54110000015  75 46 46
1310.12210000004  76 46 46
1074.59409999993  77 46 46
1203.54429999995  78 46 46
1160  79 46 46
1224.5  80 46 46
859  81 46 46
1829  82 46 46
664  83 46 46
891.5  84 46 46
