1409  46 47 47
728  47 47 47
1445.06559999997  48 47 47
900.418049999978  49 47 47
2114.99589999998  50 47 47
741.832849999948  51 47 47
1110.28720000002  52 47 47
885.4610500001  53 47 47
1142.04650000006  54 47 47
821.846249999944  55 47 47
1121.12099999993  56 47 47
820.304999999993  57 47 47
1041.40990000003  58 47 47
796.373000000021  59 47 47
1132.10949999996  60 47 47
956.27934999991  61 47 47
1187.38519999996  62 47 47
1010.13865000004  63 47 47
1194.93709999998  64 47 47
1037.41349999997  65 47 47
1269.55860000011  66 47 47
1073.89835000015  67 47 47
1245.85590000002  68 47 47
1039.59569999989  69 47 47
1133.69209999993  70 47 47
860.042450000125  71 47 47
1043.10340000014  72 47 47
872.778999999922  73 47 47
1024.01149999991  74 47 47
879.589150000073  75 47 47
900.551400000055  76 47 47
814.312599999947  77 47 47
1069.84789999994  78 47 47
940.193749999977  79 47 47
1041  80 47 47
612  81 47 47
1518  82 47 47
347  83 47 47
634  84 47 47
549.5  85 47 47
