981  47 48 48
1691.88695000001  48 48 48
869.243600000045  49 48 48
2303.84305000002  50 48 48
984.378099999914  51 48 48
1310.79884999985  52 48 48
1090.68149999989  53 48 48
1415.64949999994  54 48 48
1162.41449999996  55 48 48
1475.65274999995  56 48 48
1216.42799999996  57 48 48
1470.06880000001  58 48 48
1201.95920000004  59 48 48
1505.09269999998  60 48 48
1295.86949999991  61 48 48
1469.68874999997  62 48 48
1209.1750000001  63 48 48
1427.09355000011  64 48 48
1251.60689999996  65 48 48
1451.05189999985  66 48 48
1279.23529999988  67 48 48
1461.04959999997  68 48 48
1288.67079999996  69 48 48
1503.98404999997  70 48 48
1352.5711  71 48 48
1431.98244999995  72 48 48
1211.04749999999  73 48 48
1368.38355000003  74 48 48
1241.73200000002  75 48 48
1318.3026  76 48 48
1129.49819999991  77 48 48
1211.09219999984  78 48 48
1005.79299999983  79 48 48
1306.57579999988  80 48 48
1055.77889999992  81 48 48
1950.64185000001  82 48 48
579.748200000147  83 48 48
779.371000000159  84 48 48
832.378600000055  85 48 48
1047.5  86 48 48
