1423  48 49 49
510.5  49 49 49
2338.52500000002  50 49 49
779.563000000024  51 49 49
1108.38409999991  52 49 49
893.754049999814  53 49 49
1193.60679999989  54 49 49
953.809100000013  55 49 49
1245.16759999999  56 49 49
995.47709999996  57 49 49
1202.68200000009  58 49 49
908.273000000103  59 49 49
1194.62940000003  60 49 49
970.81335000007  61 49 49
1161.99350000004  62 49 49
889.452449999983  63 49 49
1087.15229999996  64 49 49
881.933249999944  65 49 49
1126.57199999999  66 49 49
989.930849999946  67 49 49
1204.06049999996  68 49 49
1092.66670000006  69 49 49
1220.70230000006  70 49 49
1038.8930000001  71 49 49
1185.04880000005  72 49 49
1060.45284999994  73 49 49
1209.46409999998  74 49 49
1052.89434999996  75 49 49
1073.73379999993  76 49 49
836.733250000049  77 49 49
880.159900000086  78 49 49
667.280900000013  79 49 49
786.560600000084  80 49 49
523.088700000197  81 49 49
1865.31720000005  82 49 49
455.974799999851  83 49 49
524.730799999903  84 49 49
428.5  85 49 49
581  86 49 49
434.5  87 49 49
