2997.39850000001  50 50 50
735.893300000054  51 50 50
1231.79110000003  52 50 50
1180.38910000003  53 50 50
1407.7631000001  54 50 50
1152.37770000013  55 50 50
1428.57620000007  56 50 50
1199.58189999999  57 50 50
1498.73995000002  58 50 50
1325.79200000007  59 50 50
1557.60715000005  60 50 50
1309.92989999999  61 50 50
1521.68524999992  62 50 50
1279.26099999994  63 50 50
1378.75185  64 50 50
1009.01449999999  65 50 50
1310.18709999998  66 50 50
1191.67070000008  67 50 50
1421.48250000016  68 50 50
1310.3133000001  69 50 50
1466.93849999993  70 50 50
1322.22039999987  71 50 50
1434.30245000002  72 50 50
1271.03630000009  73 50 50
1377.30660000001  74 50 50
1229.64899999998  75 50 50
1333.51825000008  76 50 50
1218.70230000012  77 50 50
1331.33805000002  78 50 50
1156.22169999999  79 50 50
1204.62289999996  80 50 50
1074.79929999996  81 50 50
2477.31605000002  82 50 50
616.271899999934  83 50 50
680.696349999867  84 50 50
689.677799999947  85 50 50
808.580249999999  86 50 50
714  87 50 50
798.5  88 50 50
655  89 50 50
