1455  52 51 51
1021.09574999998  53 51 51
1121.5343  54 51 51
861.071750000003  55 51 51
1193.92719999992  56 51 51
1006.77504999994  57 51 51
1303.44300000003  58 51 51
1094.12310000008  59 51 51
1312.38980000012  60 51 51
1027.88595000008  61 51 51
1369.17390000005  62 51 51
1213.57490000007  63 51 51
1344.09890000004  64 51 51
999.47305000003  65 51 51
1230.4509  66 51 51
1061.34514999995  67 51 51
1268.87380000006  68 51 51
1120.21980000014  69 51 51
1223.49119999999  70 51 51
1076.81969999993  71 51 51
1246.25120000006  72 51 51
1119.91960000002  73 51 51
1248.98780000012  74 51 51
1083.55990000011  75 51 51
1186.80660000001  76 51 51
1033.98840000003  77 51 51
1171.61410000001  78 51 51
1019.71284999989  79 51 51
1020.92779999995  80 51 51
817.180650000111  81 51 51
2096.36680000008  82 51 51
287.909600000014  83 51 51
427.378000000026  84 51 51
368.469099999871  85 51 51
496.042399999802  86 51 51
409.633399999933  87 51 51
524  88 51 51
452.5  89 51 51
602  90 51 51
