1111.78179999994  53 52 52
1485.49719999998  54 52 52
1343.70800000004  55 52 52
1595.47455000004  56 52 52
1290.34889999998  57 52 52
1578.37350000005  58 52 52
1311.18270000018  59 52 52
1600.26025000017  60 52 52
1381.55990000011  61 52 52
1684.77310000005  62 52 52
1513.97149999999  63 52 52
1684.66045000002  64 52 52
1381.77090000006  65 52 52
1551.73770000006  66 52 52
1343.92349999998  67 52 52
1499.33519999986  68 52 52
1294.60739999986  69 52 52
1456.23944999994  70 52 52
1247.74150000006  71 52 52
1427.76025000017  72 52 52
1272.35960000008  73 52 52
1413.02444999991  74 52 52
1248.48849999986  75 52 52
1351.10719999997  76 52 52
1168.49770000007  77 52 52
1245.01045000006  78 52 52
1059.55999999994  79 52 52
1114.12259999989  80 52 52
923.839300000109  81 52 52
2200.78505000018  82 52 52
750.724199999939  83 52 52
909.006149999914  84 52 52
756.879300000146  85 52 52
941.575150000164  86 52 52
826.640000000014  87 52 52
940.811800000025  88 52 52
835.969000000041  89 52 52
1030  90 52 52
893  91 52 52
900  92 52 52
