1401  54 53 53
793.89380000002  55 53 53
1053.56910000008  56 53 53
845.310450000165  57 53 53
1188.20320000016  58 53 53
973.315650000062  59 53 53
1268.37779999996  60 53 53
1089.72044999991  61 53 53
1308.00709999999  62 53 53
967.536400000099  63 53 53
1242.71780000004  64 53 53
1137.09834999999  65 53 53
1418.62790000008  66 53 53
1264.52935000008  67 53 53
1332.4252  68 53 53
1014.83614999999  69 53 53
1220.66949999996  70 53 53
1024.74734999996  71 53 53
1198.49639999995  72 53 53
999.125349999871  73 53 53
1158.94869999983  74 53 53
1007.15839999984  75 53 53
1170.06409999996  76 53 53
1038.76295  77 53 53
1122.8824  78 53 53
946.513200000045  79 53 53
983.824699999881  80 53 53
774.789399999776  81 53 53
1984.83849999995  82 53 53
522.49560000014  83 53 53
593.701500000199  84 53 53
433.711050000158  85 53 53
677.905000000028  86 53 53
592.597099999897  87 53 53
722.07349999994  88 53 53
588.82070000004  89 53 53
802.12930000003  90 53 53
686  91 53 53
686  92 53 53
550  93 53 53
