1107.95450000005  55 54 54
1571.65105000004  56 54 54
1442.06160000002  57 54 54
1658.32014999999  58 54 54
1352.49530000001  59 54 54
1655.70255000005  60 54 54
1409.62880000001  61 54 54
1625.82639999996  62 54 54
1377.6299  63 54 54
1589.15560000011  64 54 54
1331.26610000012  65 54 54
1534.69270000001  66 54 54
1282.71579999995  67 54 54
1490.36464999995  68 54 54
1262.94429999997  69 54 54
1443.60384999996  70 54 54
1207.54310000001  71 54 54
1386.26840000018  72 54 54
1182.57550000027  73 54 54
1352.05250000022  74 54 54
1174.4306000002  75 54 54
1325.64735000022  76 54 54
1166.14470000018  77 54 54
1250.39690000017  78 54 54
1058.82710000011  79 54 54
1097.36229999992  80 54 54
864.134499999811  81 54 54
2030.77989999985  82 54 54
817.294399999897  83 54 54
958.241350000026  84 54 54
834.759100000141  85 54 54
1065.50585000007  86 54 54
910.736799999955  87 54 54
1029.5443999999  88 54 54
848.091999999946  89 54 54
1024.19649999996  90 54 54
920.291699999943  91 54 54
1034.79015000002  92 54 54
954.324200000032  93 54 54
993.5  94 54 54
862  95 54 54
