858.199499999988  57 55 55
1188.84629999998  58 55 55
1030.09409999999  59 55 55
1316.4473  60 55 55
1064.11420000001  61 55 55
1280.31569999998  62 55 55
989.703449999914  63 55 55
1156.0505999999  64 55 55
815.052249999892  65 55 55
1085.63169999991  66 55 55
928.23199999996  67 55 55
1100.74249999999  68 55 55
825.638049999951  69 55 55
1043.8657999998  70 55 55
814.19439999992  71 55 55
1098.79680000001  72 55 55
937.768799999962  73 55 55
1083.28729999997  74 55 55
877.551600000006  75 55 55
1029.34590000007  76 55 55
910.563650000142  77 55 55
1049.01000000001  78 55 55
935.281649999903  79 55 55
966.940099999891  80 55 55
724.999799999874  81 55 55
1932.82799999998  82 55 55
736.408400000073  83 55 55
732.714000000036  84 55 55
539.486849999987  85 55 55
695.20570000005  86 55 55
561.877350000083  87 55 55
782.556600000011  88 55 55
593.610950000002  89 55 55
763.557700000005  90 55 55
676.873999999953  91 55 55
809.411899999948  92 55 55
688.932299999986  93 55 55
733.529399999999  94 55 55
570  95 55 55
558  96 55 55
