1576.76099999994  58 56 56
1168.13049999997  59 56 56
1126.65590000001  60 56 56
798.311800000025  61 56 56
1157.89824999997  62 56 56
945.178699999931  63 56 56
1221.17820000002  64 56 56
1003.94840000005  65 56 56
1409.03634999995  66 56 56
1194.39669999998  67 56 56
1427.81270000007  68 56 56
1210.87390000001  69 56 56
1426.45019999996  70 56 56
1201.58530000004  71 56 56
1429.7514500001  72 56 56
1252.10230000014  73 56 56
1386.8620000002  74 56 56
1166.88110000012  75 56 56
1318.67099999997  76 56 56
1138.94319999998  77 56 56
1247.92430000007  78 56 56
1067.88900000008  79 56 56
1101.04605000012  80 56 56
853.035000000265  81 56 56
1944.14250000031  82 56 56
850.935200000182  83 56 56
944.695000000065  84 56 56
822.584400000051  85 56 56
1007.41119999997  86 56 56
867.495199999888  87 56 56
1040.44314999995  88 56 56
800.522200000007  89 56 56
976.166300000041  90 56 56
941.558599999989  91 56 56
997.581899999874  92 56 56
886.735199999879  93 56 56
988.787249999936  94 56 56
791.037499999977  95 56 56
940  96 56 56
890  97 56 56
