1480  60 57 57
1039.5  61 57 57
1455  62 57 57
1109  63 57 57
1182  64 57 57
879  65 57 57
1251.85879999993  66 57 57
952.455099999846  67 57 57
1143.44539999997  68 57 57
854.326900000102  69 57 57
1096.65839999996  70 57 57
984.391050000093  71 57 57
1197.13300000026  72 57 57
919.02685000014  73 57 57
1093.79269999999  74 57 57
908.258750000037  75 57 57
1023.28050000011  76 57 57
850.27155000018  77 57 57
1015.39080000028  78 57 57
854.675750000169  79 57 57
865.412799999933  80 57 57
668.214599999948  81 57 57
1809.65080000006  82 57 57
764.048150000046  83 57 57
761.830699999933  84 57 57
526.705549999839  85 57 57
734.670399999945  86 57 57
653.741700000013  87 57 57
799.90850000002  88 57 57
535.694050000049  89 57 57
713.44579999987  90 57 57
740.414349999745  91 57 57
709.969999999856  92 57 57
453.973549999995  93 57 57
526.041100000031  94 57 57
435.291800000006  95 57 57
714  96 57 57
512.5  97 57 57
647  98 57 57
440  99 57 57
