1523  62 58 58
1122  63 58 58
1372.5  64 58 58
1073  65 58 58
1401.5  66 58 58
1163.26029999997  67 58 58
1475.21589999995  68 58 58
1197.90850000002  69 58 58
1400.50955000008  70 58 58
1190.92170000006  71 58 58
1424.93410000007  72 58 58
1237.34390000009  73 58 58
1405.34500000009  74 58 58
1232.56570000015  75 58 58
1315.63100000017  76 58 58
1054.41690000007  77 58 58
1241.02020000003  78 58 58
1118.4495000001  79 58 58
1127.61115000024  80 58 58
862.300600000308  81 58 58
1879.82540000021  82 58 58
872.505400000024  83 58 58
1014.18044999999  84 58 58
876.036900000181  85 58 58
1095.21855000022  86 58 58
961.848699999973  87 58 58
1085.39419999986  88 58 58
998.24589999998  89 58 58
1056.51060000004  90 58 58
952.726799999946  91 58 58
899.378249999951  92 58 58
702.262100000051  93 58 58
912.018550000037  94 58 58
666  95 58 58
870.5  96 58 58
751  97 58 58
961  98 58 58
680  99 58 58
817  100 58 58
