1072.5  63 59 59
1196  64 59 59
961.5  65 59 59
1347  66 59 59
969.5  67 59 59
1189.4976  68 59 59
822.55680000002  69 59 59
1020.44830000005  70 59 59
861.642050000024  71 59 59
1099.19019999995  72 59 59
891.65924999991  73 59 59
1059.85829999996  74 59 59
908.729400000069  75 59 59
1001.65489999997  76 59 59
728.413499999791  77 59 59
967.163099999889  78 59 59
886.361499999999  79 59 59
921.104700000025  80 59 59
735.370200000005  81 59 59
1778.24499999988  82 59 59
755.00419999985  83 59 59
799.717599999858  84 59 59
596.499849999906  85 59 59
913.948299999931  86 59 59
861.556249999907  87 59 59
839.628400000045  88 59 59
706.28480000014  89 59 59
621.399400000111  90 59 59
609.029200000106  91 59 59
750.40000000014  92 59 59
416.01455000008  93 59 59
759.65009999997  94 59 59
632.315049999976  95 59 59
760.886599999969  96 59 59
475.761799999978  97 59 59
604.040400000056  98 59 59
356.134500000044  99 59 59
502  100 59 59
374.5  101 59 59
