1034  65 60 60
1355  66 60 60
980  67 60 60
1319.5  68 60 60
1152.38399999996  69 60 60
1522.3232499999  70 60 60
1242.98089999997  71 60 60
1375.60005000012  72 60 60
1203.75010000018  73 60 60
1373.44340000011  74 60 60
1209.24729999993  75 60 60
1300.49899999984  76 60 60
1024.27059999993  77 60 60
1216.73270000005  78 60 60
1120.28360000008  79 60 60
1153.02639999997  80 60 60
912.137600000016  81 60 60
1853.14535000024  82 60 60
846.737500000163  83 60 60
1030.87609999999  84 60 60
904.969999999972  85 60 60
1136.51784999995  86 60 60
1020.19510000001  87 60 60
1146.89415000007  88 60 60
1168.46340000001  89 60 60
1020.58479999995  90 60 60
971.621199999936  91 60 60
1012.87624999997  92 60 60
534.243900000001  93 60 60
772.509099999908  94 60 60
607.072699999902  95 60 60
813.179150000098  96 60 60
524.511400000192  97 60 60
726.060050000087  98 60 60
555.813499999931  99 60 60
752.211199999903  100 60 60
617.295999999973  101 60 60
835  102 60 60
