1300  66 61 61
1055  67 61 61
1391  68 61 61
999.5  69 61 61
1156  70 61 61
897.392650000053  71 61 61
1189.1076000001  72 61 61
971.084999999963  73 61 61
1095.41019999981  74 61 61
897.667149999877  75 61 61
1030.71140000003  76 61 61
872.57155000011  77 61 61
937.818500000169  78 61 61
799.930600000313  79 61 61
846.136800000328  80 61 61
600.258000000147  81 61 61
1681.83180000004  82 61 61
697.961299999966  83 61 61
832.261699999799  84 61 61
700.37994999974  85 61 61
881.857199999737  86 61 61
687.308449999779  87 61 61
832.795599999954  88 61 61
1127.99730000005  89 61 61
960.353000000003  90 61 61
762.655449999962  91 61 61
887.464999999967  92 61 61
527.404149999842  93 61 61
723.283099999768  94 61 61
451.714249999961  95 61 61
660.625400000135  96 61 61
319.595650000148  97 61 61
553.958100000047  98 61 61
425.824799999944  99 61 61
613.445699999924  100 61 61
463.814849999966  101 61 61
757  102 61 61
467  103 61 61
