1130  67 62 62
1399  68 62 62
1142  69 62 62
1426  70 62 62
1020  71 62 62
1277.67749999999  72 62 62
1211.67699999991  73 62 62
1386.46154999989  74 62 62
1162.67550000001  75 62 62
1311.82415  76 62 62
1096.62499999988  77 62 62
1298.84829999995  78 62 62
1284.98070000007  79 62 62
1256.38764999993  80 62 62
956.652199999779  81 62 62
1881.36349999986  82 62 62
829.585800000001  83 62 62
1037.62995000009  84 62 62
900.16390000016  85 62 62
1135.09155000013  86 62 62
1057.79819999996  87 62 62
1195.13739999989  88 62 62
1330.66599999997  89 62 62
1194.70129999996  90 62 62
1049.21339999989  91 62 62
1079.9336499999  92 62 62
716.94049999991  93 62 62
926.303199999966  94 62 62
628.634300000034  95 62 62
809.08944999997  96 62 62
534.652799999923  97 62 62
793.223249999923  98 62 62
634.07669999986  99 62 62
743.232149999938  100 62 62
552.575200000196  101 62 62
873.997250000248  102 62 62
701.984600000083  103 62 62
1103.5  104 62 62
809  105 62 62
