1538  68 63 63
1086  69 63 63
1235  70 63 63
896.5  71 63 63
1124  72 63 63
944.805300000007  73 63 63
1180.75470000005  74 63 63
1022.29315000016  75 63 63
1030.23340000014  76 63 63
675.89329999988  77 63 63
778.201299999724  78 63 63
774.547199999797  79 63 63
777.25829999987  80 63 63
497.245949999895  81 63 63
1623.14409999992  82 63 63
650.475949999993  83 63 63
837.078199999989  84 63 63
695.484149999917  85 63 63
896.389500000048  86 63 63
754.841900000232  87 63 63
812.67190000019  88 63 63
1121.7882500001  89 63 63
1054.03170000017  90 63 63
854.531750000198  91 63 63
907.736200000159  92 63 63
555.898550000158  93 63 63
782.48190000013  94 63 63
480.79440000013  95 63 63
661.425300000119  96 63 63
424.037149999989  97 63 63
683.397699999856  98 63 63
459.765699999873  99 63 63
596.27509999997  100 63 63
419.315650000004  101 63 63
740.503299999982  102 63 63
481.364249999984  103 63 63
690  104 63 63
396.5  105 63 63
616  106 63 63
