1443  70 64 64
1108  71 64 64
1334  72 64 64
1120  73 64 64
1219  74 64 64
1062.299  75 64 64
1334.66350000002  76 64 64
1146.6699000001  77 64 64
1231.75110000023  78 64 64
1128.20190000033  79 64 64
1180.54035000026  80 64 64
996.043500000145  81 64 64
1944.04485000006  82 64 64
820.690599999973  83 64 64
1027.37309999997  84 64 64
889.563299999922  85 64 64
1106.00049999997  86 64 64
1046.75710000016  87 64 64
1171.37225000025  88 64 64
1323.89070000022  89 64 64
1229.74680000008  90 64 64
1050.55709999998  91 64 64
1088.23885000008  92 64 64
788.752100000042  93 64 64
997.095849999925  94 64 64
754.162800000049  95 64 64
908.060150000034  96 64 64
605.251899999916  97 64 64
833.359899999923  98 64 64
598.612899999949  99 64 64
736.494200000074  100 64 64
506.515600000042  101 64 64
720.161199999857  102 64 64
494.110399999889  103 64 64
814.676199999987  104 64 64
570  105 64 64
787.5  106 64 64
747  107 64 64
