1118  71 65 65
1204  72 65 65
923.5  73 65 65
1109.87599999993  74 65 65
871.817049999838  75 65 65
1019.93809999991  76 65 65
920.487450000015  77 65 65
955.334400000051  78 65 65
1041.25785000017  79 65 65
1333.78190000018  80 65 65
807.54535000003  81 65 65
1592.38299999991  82 65 65
578.713749999879  83 65 65
667.277899999986  84 65 65
450.309499999974  85 65 65
712.002099999809  86 65 65
751.270849999855  87 65 65
876.597100000014  88 65 65
1125.31255000003  89 65 65
1126.57759999996  90 65 65
916.132349999971  91 65 65
982.901799999992  92 65 65
677.329549999908  93 65 65
878.897099999827  94 65 65
660.695199999842  95 65 65
603.755599999917  96 65 65
149.214150000014  97 65 65
603.49450000003  98 65 65
487.325449999888  99 65 65
631.971699999878  100 65 65
427.192249999964  101 65 65
588.105999999913  102 65 65
390.759499999927  103 65 65
710.967999999994  104 65 65
405.5  105 65 65
619  106 65 65
495  107 65 65
627  108 65 65
