1141  73 66 66
1232  74 66 66
1084  75 66 66
1392.23194999993  76 66 66
1200.95829999982  77 66 66
1364.31174999988  78 66 66
1319.91079999995  79 66 66
1335.61179999996  80 66 66
1011.12040000001  81 66 66
1914.37459999998  82 66 66
890.511699999916  83 66 66
1086.42665000004  84 66 66
961.398200000171  85 66 66
1170.16015000013  86 66 66
1112.78389999992  87 66 66
1244.44739999983  88 66 66
1305.7683  89 66 66
1239.08915000013  90 66 66
1043.60310000007  91 66 66
1111.21154999989  92 66 66
872.574399999809  93 66 66
1061.07344999991  94 66 66
871.306199999992  95 66 66
962.99635000003  96 66 66
693.561300000176  97 66 66
971.084850000218  98 66 66
663.770200000028  99 66 66
822.599349999917  100 66 66
659.983699999983  101 66 66
804.660000000033  102 66 66
578.59580000001  103 66 66
972.067299999995  104 66 66
752  105 66 66
878  106 66 66
673  107 66 66
890  108 66 66
679  109 66 66
