1028  74 67 67
880  75 67 67
1110.9656  76 67 67
988.423199999961  77 67 67
1196.23979999998  78 67 67
1200.3727500001  79 67 67
1142.3931000001  80 67 67
710.302250000066  81 67 67
1677.32470000011  82 67 67
688.418350000167  83 67 67
847.492400000221  84 67 67
712.778050000197  85 67 67
890.072300000116  86 67 67
886.567050000071  87 67 67
950.916000000085  88 67 67
897.936300000176  89 67 67
969.971000000136  90 67 67
893.850549999974  91 67 67
1044.71629999997  92 67 67
880.539400000009  93 67 67
984.804800000042  94 67 67
746.598000000115  95 67 67
867.481600000174  96 67 67
657.498650000198  97 67 67
872.588800000143  98 67 67
518.400150000118  99 67 67
714.668100000126  100 67 67
478.493300000089  101 67 67
647.632400000002  102 67 67
419.401450000005  103 67 67
647.792100000079  104 67 67
466.979550000047  105 67 67
708  106 67 67
417.5  107 67 67
631  108 67 67
420.5  109 67 67
551  110 67 67
