1104  75 68 68
1411  76 68 68
1224.42709999997  77 68 68
1401.36820000003  78 68 68
1292.69270000013  79 68 68
1304.28210000007  80 68 68
913.538399999961  81 68 68
1827.36424999998  82 68 68
899.483700000099  83 68 68
1133.73525000003  84 68 68
1085.90609999979  85 68 68
1267.03349999979  86 68 68
1199.14949999994  87 68 68
1400.27694999997  88 68 68
1344.10329999996  89 68 68
1316.42465000006  90 68 68
1122.87120000017  91 68 68
1182.96770000015  92 68 68
997.893100000103  93 68 68
1149.84594999999  94 68 68
970.965199999861  95 68 68
1098.17694999988  96 68 68
911.999899999937  97 68 68
1018.84120000002  98 68 68
667.432100000093  99 68 68
884.021300000022  100 68 68
627.213099999935  101 68 68
788.029699999956  102 68 68
577.235299999942  103 68 68
791.890199999907  104 68 68
540.84719999996  105 68 68
797.5  106 68 68
685  107 68 68
896  108 68 68
602  109 68 68
819.5  110 68 68
607  111 68 68
