983  76 69 69
746.608299999964  77 69 69
1085.1351999999  78 69 69
1197.94549999991  79 69 69
1351.91859999998  80 69 69
927.348800000036  81 69 69
1694.35640000005  82 69 69
651.834550000029  83 69 69
898.902100000065  84 69 69
872.122150000068  85 69 69
995.137400000123  86 69 69
833.178050000221  87 69 69
940.47230000014  88 69 69
936.646599999978  89 69 69
1068.28449999995  90 69 69
933.523849999998  91 69 69
1009.46380000003  92 69 69
836.089800000074  93 69 69
1035.20660000003  94 69 69
920.284749999992  95 69 69
1032.32660000003  96 69 69
850.105149999959  97 69 69
943.696699999855  98 69 69
596.510199999902  99 69 69
720.805399999954  100 69 69
447.14394999994  101 69 69
625.839900000021  102 69 69
359.623100000084  103 69 69
637.036300000036  104 69 69
418.79740000004  105 69 69
692.63590000011  106 69 69
560.772350000101  107 69 69
711.31680000003  108 69 69
429.5  109 69 69
733  110 69 69
612.5  111 69 69
651  112 69 69
