1296  79 70 70
1414.95219999994  80 70 70
1001.12399999984  81 70 70
1889.89139999985  82 70 70
882.614999999991  83 70 70
1071.47730000003  84 70 70
1096.20299999986  85 70 70
1304.28034999978  86 70 70
1217.67599999986  87 70 70
1382.90624999988  88 70 70
1252.89889999991  89 70 70
1329.34035000007  90 70 70
1157.94720000017  91 70 70
1257.10120000015  92 70 70
1122.79440000013  93 70 70
1217.53950000007  94 70 70
1007.54360000009  95 70 70
1151.05185000016  96 70 70
996.879300000146  97 70 70
1097.15830000013  98 70 70
796.385100000072  99 70 70
922.763999999967  100 70 70
702.87089999998  101 70 70
826.424300000071  102 70 70
548.746900000027  103 70 70
821.118249999941  104 70 70
522.363599999924  105 70 70
650.341199999908  106 70 70
597.826099999948  107 70 70
857.762950000004  108 70 70
589.735400000005  109 70 70
915  110 70 70
708  111 70 70
835.5  112 70 70
807  113 70 70
937  114 70 70
