1178  80 71 71
870.247300000046  81 71 71
1828.49460000009  82 71 71
824.607049999992  83 71 71
877.453899999848  84 71 71
792.883349999785  85 71 71
983.932499999763  86 71 71
862.003349999897  87 71 71
967.535600000061  88 71 71
865.538600000087  89 71 71
1011.49450000015  90 71 71
845.115050000139  91 71 71
1054.34220000007  92 71 71
974.451000000117  93 71 71
1110.56260000018  94 71 71
963.274100000155  95 71 71
979.364200000069  96 71 71
731.560750000062  97 71 71
892.988300000085  98 71 71
649.266399999964  99 71 71
807.315699999803  100 71 71
618.663549999823  101 71 71
727.827199999942  102 71 71
453.057799999951  103 71 71
689.372799999896  104 71 71
392.457349999808  105 71 71
523.791699999827  106 71 71
383.578350000083  107 71 71
551.841000000248  108 71 71
251.74085000006  109 71 71
539.802099999855  110 71 71
418.017799999914  111 71 71
620.6875  112 71 71
519.84375  113 71 71
663  114 71 71
542  115 71 71
671  116 71 71
