1901.5  82 72 72
999.072799999965  83 72 72
1258.64559999993  84 72 72
1108.90839999996  85 72 72
1250.07169999997  86 72 72
1167.96459999995  87 72 72
1354.53424999991  88 72 72
1237.76859999995  89 72 72
1375.86115000001  90 72 72
1224.07589999994  91 72 72
1365.93599999987  92 72 72
1203.15619999997  93 72 72
1307.35410000011  94 72 72
1142.01120000007  95 72 72
1268.22334999999  96 72 72
1090.31149999995  97 72 72
1179.74619999994  98 72 72
896.704700000002  99 72 72
980.658349999925  100 72 72
711.604899999802  101 72 72
897.796049999888  102 72 72
728.744399999967  103 72 72
895.181399999885  104 72 72
625.15289999987  105 72 72
763.473849999951  106 72 72
644.384599999874  107 72 72
846.478199999896  108 72 72
511.595100000035  109 72 72
706.380449999939  110 72 72
491.000199999893  111 72 72
697.786199999973  112 72 72
642.04170000006  113 72 72
723.568450000137  114 72 72
575.197600000072  115 72 72
767  116 72 72
646  117 72 72
