803.772800000035  83 73 73
1012.54560000007  84 73 73
868.473900000099  85 73 73
952.770200000145  86 73 73
785.162100000074  87 73 73
976.018799999962  88 73 73
875.202350000036  89 73 73
1002.5327000001  90 73 73
908.449299999978  91 73 73
1157.57969999989  92 73 73
1001.68724999984  93 73 73
1105.21679999982  94 73 73
926.830949999858  95 73 73
1024.63799999992  96 73 73
867.685349999927  97 73 73
986.445299999905  98 73 73
728.423999999883  99 73 73
861.169799999916  100 73 73
661.825300000026  101 73 73
855.573600000003  102 73 73
696.322049999959  103 73 73
708.702500000014  104 73 73
389.385200000019  105 73 73
567.279099999927  106 73 73
464.628049999825  107 73 73
756.907799999812  108 73 73
435.620099999825  109 73 73
658.476799999946  110 73 73
504.50475000008  111 73 73
670.835400000098  112 73 73
537.348600000143  113 73 73
627.980000000098  114 73 73
477.350050000008  115 73 73
580  116 73 73
461.5  117 73 73
587  118 73 73
562  119 73 73
690  120 73 73
