1165.5  84 74 74
1115.14400000009  85 74 74
1389.28800000018  86 74 74
1191.67740000004  87 74 74
1308.76634999993  88 74 74
1208.95550000004  89 74 74
1350.68755000015  90 74 74
1200.20030000014  91 74 74
1410.20285000012  92 74 74
1296.98860000016  93 74 74
1387.39840000018  94 74 74
1174.00490000006  95 74 74
1288.82364999992  96 74 74
1107.90539999993  97 74 74
1190.45444999996  98 74 74
934.756499999901  99 74 74
1047.00024999981  100 74 74
801.55419999978  101 74 74
974.340949999867  102 74 74
822.596099999966  103 74 74
908.570100000012  104 74 74
726.407699999982  105 74 74
871.643349999911  106 74 74
707.238199999905  107 74 74
946.335399999865  108 74 74
610.139799999772  109 74 74
828.687949999818  110 74 74
719.154699999956  111 74 74
862.64505000005  112 74 74
684.201000000117  113 74 74
855.580800000113  114 74 74
797.795299999998  115 74 74
920.460549999843  116 74 74
812.537599999807  117 74 74
930.371549999924  118 74 74
856  119 74 74
983  120 74 74
864  121 74 74
994  122 74 74
