927.000600000028  85 75 75
1161.00120000006  86 75 75
924.038850000012  87 75 75
1016.7879  88 75 75
858.36930000002  89 75 75
1004.4743  90 75 75
946.801050000009  91 75 75
1092.79920000001  92 75 75
864.192950000055  93 75 75
1059.80750000011  94 75 75
925.767400000012  95 75 75
1014.86410000001  96 75 75
835.246250000084  97 75 75
933.907600000035  98 75 75
747.982599999988  99 75 75
920.305599999963  100 75 75
715.853449999937  101 75 75
911.005299999961  102 75 75
773.284549999982  103 75 75
838.896999999997  104 75 75
713.492400000105  105 75 75
875.655000000144  106 75 75
717.397050000145  107 75 75
976.689500000211  108 75 75
594.545600000187  109 75 75
745.481200000038  110 75 75
590.475099999923  111 75 75
744.45299999998  112 75 75
580.952099999995  113 75 75
679.15260000003  114 75 75
581.73665000021  115 75 75
764.485900000203  116 75 75
702.194299999974  117 75 75
844.060999999871  118 75 75
661.497699999949  119 75 75
694  120 75 75
576  121 75 75
702  122 75 75
481.5  123 75 75
