1275  86 76 76
1104.25600000005  87 76 76
1344.5120000001  88 76 76
1142.23530000006  89 76 76
1289.15764999995  90 76 76
1214.40459999989  91 76 76
1384.06955000001  92 76 76
1237.35240000009  93 76 76
1415.57714999991  94 76 76
1287.42669999972  95 76 76
1375.89259999979  96 76 76
1181.26089999999  97 76 76
1223.58105000004  98 76 76
957.924400000018  99 76 76
1100.27974999999  100 76 76
881.265299999854  101 76 76
1055.9412499998  102 76 76
930.070599999861  103 76 76
1071.14404999989  104 76 76
932.690399999847  105 76 76
1002.24719999987  106 76 76
767.077199999942  107 76 76
1017.73439999996  108 76 76
820.401300000027  109 76 76
987.580750000081  110 76 76
849.657800000045  111 76 76
1034.39785000007  112 76 76
935.764800000005  113 76 76
1016.80809999991  114 76 76
899.820799999987  115 76 76
987.471750000026  116 76 76
764.327599999961  117 76 76
982.163650000002  118 76 76
844.544699999969  119 76 76
962.471849999856  120 76 76
799.549799999921  121 76 76
902.5  122 76 76
884  123 76 76
1112.5  124 76 76
790  125 76 76
1532.5  126 76 76
