841  87 77 77
1053  88 77 77
916.920900000027  89 77 77
1051.36620000005  90 77 77
916.696499999962  91 77 77
1196.97799999989  92 77 77
1126.07904999994  93 77 77
1159.02629999991  94 77 77
960.877849999815  95 77 77
1185.80589999992  96 77 77
1045.55220000003  97 77 77
1060.58649999998  98 77 77
839.045599999954  99 77 77
979.305000000051  100 77 77
810.258400000166  101 77 77
965.799200000125  102 77 77
794.843699999969  103 77 77
948.420399999944  104 77 77
780.896900000051  105 77 77
870.867600000114  106 77 77
657.998100000084  107 77 77
943.95570000005  108 77 77
770.112900000066  109 77 77
790.728700000094  110 77 77
654.566899999976  111 77 77
900.370299999951  112 77 77
825.624500000151  113 77 77
914.198500000173  114 77 77
786.933300000033  115 77 77
852.60289999994  116 77 77
582.529899999965  117 77 77
708.662900000112  118 77 77
542.694350000122  119 77 77
683.486499999999  120 77 77
605.586250000051  121 77 77
747.113400000148  122 77 77
510.056700000074  123 77 77
715  124 77 77
492.5  125 77 77
1234  126 77 77
388  127 77 77
