1389.5  88 78 78
1241.22279999999  89 78 78
1429.44559999998  90 78 78
1188.32530000003  91 78 78
1332.75965000002  92 78 78
1236.36779999989  93 78 78
1405.01224999991  94 78 78
1275.39130000002  95 78 78
1494.89379999996  96 78 78
1417.08329999994  97 78 78
1394.36880000005  98 78 78
1095.27700000012  99 78 78
1178.21135  100 78 78
945.559899999877  101 78 78
1105.06239999994  102 78 78
917.646999999997  103 78 78
1091.07874999987  104 78 78
977.264099999797  105 78 78
1101.82094999996  106 78 78
910.333500000066  107 78 78
1177.70700000005  108 78 78
1157.3567  109 78 78
1243.59669999988  110 78 78
1094.34279999987  111 78 78
1222.63929999992  112 78 78
1099.17139999999  113 78 78
1199.51340000005  114 78 78
1044.64729999995  115 78 78
1123.3367499999  116 78 78
908.449600000051  117 78 78
1037.72080000013  118 78 78
854.513600000064  119 78 78
999.795250000083  120 78 78
862.909900000086  121 78 78
1034.47369999997  122 78 78
904.937199999928  123 78 78
1048.51494999998  124 78 78
654.650900000008  125 78 78
1545.5  126 78 78
698  127 78 78
740.5  128 78 78
601  129 78 78
