1162  90 79 79
878.139949999983  91 79 79
1012.63170000003  92 79 79
879.153750000172  93 79 79
1135.97220000019  94 79 79
1043.77645  95 79 79
1106.16689999984  96 79 79
953.748599999817  97 79 79
1133.74209999992  98 79 79
964.122050000005  99 79 79
1024.22919999994  100 79 79
804.204249999952  101 79 79
906.329700000119  102 79 79
727.347150000162  103 79 79
880.150600000052  104 79 79
706.110299999942  105 79 79
841.368899999885  106 79 79
728.605149999959  107 79 79
985.68860000011  108 79 79
934.052650000085  109 79 79
979.531100000022  110 79 79
856.394650000031  111 79 79
995.04859999998  112 79 79
829.191049999907  113 79 79
912.772799999802  114 79 79
774.005099999835  115 79 79
891.734799999977  116 79 79
714.694499999983  117 79 79
779.993699999992  118 79 79
535.953850000049  119 79 79
683.309600000037  120 79 79
507.12864999997  121 79 79
604.155199999921  122 79 79
419.085099999909  123 79 79
802.684999999939  124 79 79
485.797499999986  125 79 79
1244  126 79 79
394  127 79 79
536  128 79 79
397  129 79 79
542  130 79 79
