1099.15039999993  91 80 80
1374.80079999985  92 80 80
1176.45409999997  93 80 80
1318.93490000011  94 80 80
1243.39070000011  95 80 80
1412.01055000012  96 80 80
1274.17240000016  97 80 80
1460.97620000015  98 80 80
1350.00640000007  99 80 80
1453.48294999998  100 80 80
1252.57039999997  101 80 80
1343.99784999993  102 80 80
1156.1878999999  103 80 80
1350.63909999991  104 80 80
1258.26979999989  105 80 80
1387.97449999989  106 80 80
1250.19899999991  107 80 80
1325.91584999987  108 80 80
1158.12019999977  109 80 80
1261.52249999985  110 80 80
1099.20840000012  111 80 80
1184.47360000014  112 80 80
1035.55239999993  113 80 80
1146.19609999983  114 80 80
991.597799999872  115 80 80
1049.15529999998  116 80 80
849.907400000026  117 80 80
911.17359999998  118 80 80
682.726199999917  119 80 80
898.969349999912  120 80 80
761.7598  121 80 80
879.446450000047  122 80 80
748.533100000117  123 80 80
911.69655000011  124 80 80
530.225399999996  125 80 80
1558.15335000004  126 80 80
618.134100000025  127 80 80
722.051999999909  128 80 80
733.90559999994  129 80 80
858  130 80 80
720  131 80 80
867  132 80 80
833  133 80 80
875  134 80 80
733  135 80 80
