1345.72309999994  96 81 81
1231.37764999992  97 81 81
1287.67180000001  98 81 81
1143.75705000013  99 81 81
1439.9262000001  100 81 81
1365.79410000006  101 81 81
1481.97580000001  102 81 81
1289.14634999994  103 81 81
1374.60030000005  104 81 81
1218.22590000019  105 81 81
1334.90990000009  106 81 81
1193.93469999998  107 81 81
1264.7803000001  108 81 81
1083.29755000013  109 81 81
1163.71880000003  110 81 81
1007.83759999997  111 81 81
1072.33860000002  112 81 81
878.757600000128  113 81 81
938.246800000081  114 81 81
758.157999999938  115 81 81
841.553599999985  116 81 81
678.064800000051  117 81 81
771.403799999971  118 81 81
572.857199999969  119 81 81
666.961100000073  120 81 81
490.624150000163  121 81 81
598.050800000201  122 81 81
444.970800000127  123 81 81
521.10970000003  124 81 81
174.317750000046  125 81 81
1532.72560000001  126 81 81
589.495199999888  127 81 81
646.232099999907  128 81 81
614.393800000078  129 81 81
649.161500000162  130 81 81
536.415400000056  131 81 81
641.824299999978  132 81 81
563.412149999989  133 81 81
663  134 81 81
521.5  135 81 81
561  136 81 81
