1235.45510000014  97 82 82
1411.5643000002  98 82 82
1272.18820000021  99 82 82
1479.23750000016  100 82 82
1358.06540000008  101 82 82
1490.97660000005  102 82 82
1325.02980000002  103 82 82
1416.81599999999  104 82 82
1259.0024  105 82 82
1395.53275000001  106 82 82
1269.7953  107 82 82
1348.97734999994  108 82 82
1192.98399999994  109 82 82
1291.59419999993  110 82 82
1150.59869999997  111 82 82
1224.21105000004  112 82 82
1040.00440000009  113 82 82
1106.52545000019  114 82 82
962.452300000237  115 82 82
1078.87260000012  116 82 82
927.407099999953  117 82 82
999.469199999934  118 82 82
824.692299999879  119 82 82
911.846399999806  120 82 82
738.734699999914  121 82 82
831.496649999986  122 82 82
677.494699999923  123 82 82
674.441349999863  124 82 82
315.053199999966  125 82 82
1715.2520000001  126 82 82
623.900800000061  127 82 82
674.642950000125  128 82 82
645.672900000238  129 82 82
700.624350000173  130 82 82
662.378700000001  131 82 82
752.345449999906  132 82 82
727.626999999979  133 82 82
909.154250000021  134 82 82
742  135 82 82
780.5  136 82 82
749  137 82 82
