1178.07250000001  102 83 83
1126.62105000007  103 83 83
1213.1270000001  104 83 83
1029.17139999999  105 83 83
1169.31299999997  106 83 83
1056.10369999998  107 83 83
1174.13139999995  108 83 83
1027.42004999996  109 83 83
1105.78749999998  110 83 83
932.046949999989  111 83 83
1009.53879999998  112 83 83
847.34665000008  113 83 83
995.74970000016  114 83 83
868.550800000085  115 83 83
925.409099999932  116 83 83
742.744049999863  117 83 83
868.285599999945  118 83 83
726.088549999986  119 83 83
826.511500000022  120 83 83
649.316000000108  121 83 83
728.50290000008  122 83 83
531.853649999946  123 83 83
605.378799999948  124 83 83
286.422400000039  125 83 83
1427.55649999995  126 83 83
266.936799999909  127 83 83
404.183500000043  128 83 83
427.452800000086  129 83 83
572.319600000046  130 83 83
600.426800000016  131 83 83
707.330199999968  132 83 83
694.366500000004  133 83 83
815.045900000026  134 83 83
659.123349999893  135 83 83
691.747999999905  136 83 83
644  137 83 83
790  138 83 83
872  139 83 83
908  140 83 83
