1045.22770000016  103 84 84
1245.28160000022  104 84 84
1131.54370000015  105 84 84
1317.34250000003  106 84 84
1245.86410000001  107 84 84
1369.46684999997  108 84 84
1210.24609999999  109 84 84
1283.63905000011  110 84 84
1120.02440000011  111 84 84
1213.87115000002  112 84 84
1077.93069999991  113 84 84
1157.31729999988  114 84 84
968.637100000051  115 84 84
1061.67815000017  116 84 84
920.463400000124  117 84 84
1025.5848500001  118 84 84
830.500300000072  119 84 84
924.952399999951  120 84 84
743.472499999916  121 84 84
855.124900000054  122 84 84
683.235300000059  123 84 84
713.350600000005  124 84 84
345.124400000088  125 84 84
1553.80200000014  126 84 84
728.7276000001  127 84 84
826.396500000032  128 84 84
766.174899999984  129 84 84
872.326199999894  130 84 84
802.046099999803  131 84 84
888.51009999984  132 84 84
813.960199999972  133 84 84
925.755100000068  134 84 84
871.308000000077  135 84 84
964.100300000049  136 84 84
898.893999999971  137 84 84
961.504099999904  138 84 84
877.599399999948  139 84 84
798.5  140 84 84
660  141 84 84
693  142 84 84
