1027.4469000001  107 85 85
1171.94510000013  108 85 85
1052.31925000006  109 85 85
1155.46440000006  110 85 85
999.605800000019  111 85 85
1044.30259999994  112 85 85
880.568949999986  113 85 85
975.046300000045  114 85 85
818.502649999922  115 85 85
997.929899999872  116 85 85
880.912450000062  117 85 85
927.428000000073  118 85 85
698.30774999992  119 85 85
827.191399999894  120 85 85
666.599649999873  121 85 85
772.824299999862  122 85 85
585.721099999966  123 85 85
662.770900000003  124 85 85
293.377499999944  125 85 85
1347.06049999991  126 85 85
485.203149999958  127 85 85
575.864400000079  128 85 85
538.898849999998  129 85 85
695.358899999759  130 85 85
687.688049999648  131 85 85
783.865699999733  132 85 85
704.922699999879  133 85 85
841.972499999916  134 85 85
786.377199999988  135 85 85
881.654600000009  136 85 85
847.65064999985  137 85 85
904.010499999859  138 85 85
835.980949999997  139 85 85
830.635200000019  140 85 85
664  141 85 85
695  142 85 85
670  143 85 85
