1321.97915000003  108 86 86
1200.39020000002  109 86 86
1305.16475000011  110 86 86
1137.95050000015  111 86 86
1205.57790000015  112 86 86
1055.53230000008  113 86 86
1166.81969999999  114 86 86
1030.09440000006  115 86 86
1128.82935000013  116 86 86
938.289300000062  117 86 86
1023.20515000005  118 86 86
841.740700000082  119 86 86
960.658249999979  120 86 86
759.415399999823  121 86 86
867.497199999751  122 86 86
689.028199999826  123 86 86
756.576649999944  124 86 86
376.671100000036  125 86 86
1433.59340000013  126 86 86
793.50270000007  127 86 86
887.203600000008  128 86 86
864.192500000121  129 86 86
991.480350000085  130 86 86
923.21379999991  131 86 86
1026.5523499999  132 86 86
914.646699999925  133 86 86
1038.36114999978  134 86 86
979.375999999698  135 86 86
1058.57414999988  136 86 86
981.200900000054  137 86 86
1016.84935000003  138 86 86
938.004699999932  139 86 86
962.788749999832  140 86 86
890.498599999817  141 86 86
880.654649999924  142 86 86
605.011500000022  143 86 86
631.700850000023  144 86 86
