1065.02864999999  111 87 87
1084.2574  112 87 87
953.60839999991  113 87 87
1028.99419999996  114 87 87
869.047150000115  115 87 87
978.008900000132  116 87 87
824.008900000015  117 87 87
990.042499999981  118 87 87
832.556050000014  119 87 87
893.121999999974  120 87 87
650.661399999866  121 87 87
777.940999999759  122 87 87
617.732399999746  123 87 87
710.559799999814  124 87 87
331.254099999904  125 87 87
1317.03779999993  126 87 87
659.697999999858  127 87 87
688.204999999842  128 87 87
654.631949999835  129 87 87
700.575899999822  130 87 87
593.631149999914  131 87 87
653.933399999864  132 87 87
535.22164999973  133 87 87
652.949799999828  134 87 87
548.301050000009  135 87 87
681.029100000043  136 87 87
647.15625  137 87 87
813.975600000005  138 87 87
769.016900000046  139 87 87
769.944400000037  140 87 87
708.88049999997  141 87 87
767.249399999972  142 87 87
612.358950000024  143 87 87
699.230300000054  144 87 87
572.531450000126  145 87 87
