1194.17914999998  114 88 88
1033.33149999997  115 88 88
1141.49845000007  116 88 88
990.5070000001  117 88 88
1093.31625000003  118 88 88
867.217100000009  119 88 88
958.175900000031  120 88 88
772.854999999981  121 88 88
902.21949999989  122 88 88
709.824599999934  123 88 88
787.463850000058  124 88 88
398.556300000055  125 88 88
1346.02795000002  126 88 88
839.886200000066  127 88 88
919.29235000012  128 88 88
921.025900000008  129 88 88
996.148099999875  130 88 88
935.031899999944  131 88 88
906.766400000081  132 88 88
667.723900000216  133 88 88
778.352450000239  134 88 88
660.225000000093  135 88 88
787.317750000046  136 88 88
746.345000000088  137 88 88
917.686300000059  138 88 88
873.591800000053  139 88 88
929.524500000058  140 88 88
833.710800000001  141 88 88
872.914199999883  142 88 88
709.848599999794  143 88 88
778.316299999831  144 88 88
620.279499999946  145 88 88
775.520000000019  146 88 88
