858.29729999986  117 89 89
976.57369999995  118 89 89
765.303900000057  119 89 89
917.592900000047  120 89 89
769.906749999849  121 89 89
888.359599999851  122 89 89
657.339400000055  123 89 89
725.411200000206  124 89 89
347.489350000164  125 89 89
1260.94850000006  126 89 89
783.293150000041  127 89 89
797.971399999922  128 89 89
714.905349999783  129 89 89
727.73909999989  130 89 89
693.45550000004  131 89 89
651.7304  132 89 89
443.738799999934  133 89 89
602.909599999897  134 89 89
502.972149999929  135 89 89
634.383000000031  136 89 89
565.803100000136  137 89 89
752.418200000189  138 89 89
624.925700000138  139 89 89
676.575200000079  140 89 89
611.985100000049  141 89 89
733.552800000063  142 89 89
618.9757500001  143 89 89
689.761799999978  144 89 89
508.58879999991  145 89 89
673.932200000039  146 89 89
580.666450000019  147 89 89
