1016.46840000001  119 90 90
1073.80570000003  120 90 90
791.202200000058  121 90 90
887.369800000102  122 90 90
717.196900000097  123 90 90
825.837199999951  124 90 90
424.695699999924  125 90 90
1265.06444999995  126 90 90
873.140499999863  127 90 90
967.541299999808  128 90 90
934.642899999861  129 90 90
1011.81374999997  130 90 90
993.631199999945  131 90 90
959.620499999961  132 90 90
786.085800000001  133 90 90
852.202649999992  134 90 90
713.56540000008  135 90 90
859.822900000028  136 90 90
820.487599999993  137 90 90
924.252250000136  138 90 90
768.821800000151  139 90 90
838.141100000008  140 90 90
661.178999999887  141 90 90
827.004149999935  142 90 90
701.80560000008  143 90 90
761.739250000101  144 90 90
583.678300000029  145 90 90
731.227249999996  146 90 90
591.256300000008  147 90 90
791.968950000009  148 90 90
