743.312150000013  121 91 91
874.015799999936  122 91 91
730.525499999872  123 91 91
837.298799999873  124 91 91
394.152449999936  125 91 91
1181.94830000005  126 91 91
830.593150000088  127 91 91
880.752200000105  128 91 91
799.305300000007  129 91 91
796.434599999921  130 91 91
708.079400000046  131 91 91
625.746400000062  132 91 91
515.231750000035  133 91 91
591.334700000123  134 91 91
440.093950000126  135 91 91
648.234200000065  136 91 91
560.00335000013  137 91 91
651.737400000217  138 91 91
512.96025000012  139 91 91
635.715500000049  140 91 91
489.677200000151  141 91 91
653.299400000251  142 91 91
449.711200000136  143 91 91
547.512199999881  144 91 91
425.697399999714  145 91 91
586.369399999734  146 91 91
429.50074999989  147 91 91
566.95689999999  148 91 91
469  149 91 91
