839.279450000031  124 92 92
441.55950000009  125 92 92
1214.37015000009  126 92 92
891.594600000069  127 92 92
993.924899999984  128 92 92
926.563199999859  129 92 92
1009.80809999979  130 92 92
1037.51119999983  131 92 92
965.94189999986  132 92 92
836.253699999885  133 92 92
879.71604999993  134 92 92
770.635400000028  135 92 92
907.831000000122  136 92 92
793.116500000004  137 92 92
893.272449999931  138 92 92
693.720000000088  139 92 92
753.089250000077  140 92 92
541.912199999904  141 92 92
773.982649999904  142 92 92
624.000699999859  143 92 92
709.872049999773  144 92 92
513.978799999808  145 92 92
673.670699999901  146 92 92
561.064200000023  147 92 92
727.213199999998  148 92 92
685.459999999963  149 92 92
857.5  150 92 92
