828.539400000009  127 93 93
1018.81770000001  128 93 93
1017.35350000008  129 93 93
994.881500000134  130 93 93
893.924050000031  131 93 93
806.470899999957  132 93 93
718.313199999975  133 93 93
724.53350000002  134 93 93
600.046300000045  135 93 93
712.054400000023  136 93 93
524.079999999958  137 93 93
636.378599999938  138 93 93
497.413949999958  139 93 93
670.643399999943  140 93 93
459.026849999907  141 93 93
623.402699999977  142 93 93
420.772200000123  143 93 93
544.747100000153  144 93 93
363.295750000165  145 93 93
574.41800000018  146 93 93
503.177300000098  147 93 93
551.442400000058  148 93 93
382.316900000093  149 93 93
568.091800000053  150 93 93
478  151 93 93
