886  128 94 94
894  129 94 94
1006.5  130 94 94
901  131 94 94
903  132 94 94
955.044600000023  133 94 94
1016.43990000011  134 94 94
874.930000000168  135 94 94
919.581500000088  136 94 94
662.042000000016  137 94 94
819.300399999949  138 94 94
696.39169999992  139 94 94
767.11195000005  140 94 94
556.60280000011  141 94 94
735.494799999986  142 94 94
559.340199999861  143 94 94
676.808999999892  144 94 94
443.997600000002  145 94 94
646.347599999979  146 94 94
534.012899999972  147 94 94
637.956000000006  148 94 94
493.101099999971  149 94 94
660.331050000037  150 94 94
577.77210000006  151 94 94
846.295099999989  152 94 94
