899  129 95 95
897  130 95 95
793.5  131 95 95
792  132 95 95
751.230650000041  133 95 95
700.461300000083  134 95 95
527.230650000041  135 95 95
692  136 95 95
580.5  137 95 95
699  138 95 95
485.588499999954  139 95 95
626.176999999909  140 95 95
488.588499999954  141 95 95
644.349300000002  142 95 95
415.046050000005  143 95 95
575.412200000021  144 95 95
347.763200000045  145 95 95
554.731800000067  146 95 95
413.353650000063  147 95 95
498.575899999938  148 95 95
341.424049999798  149 95 95
534.794499999844  150 95 95
521.276749999961  151 95 95
750  152 95 95
486  153 95 95
