925.766999999993  136 96 96
779.889599999995  137 96 96
978.978200000012  138 96 96
821.817600000068  139 96 96
825.468150000088  140 96 96
598.145699999994  141 96 96
751.85990000004  142 96 96
562.249300000258  143 96 96
700.152550000348  144 96 96
437.827200000174  145 96 96
638.166450000019  146 96 96
554.171100000036  147 96 96
641.39439999999  148 96 96
470.149699999951  149 96 96
651.893049999955  150 96 96
528.260599999921  151 96 96
749.139999999898  152 96 96
559.521899999934  153 96 96
709.751350000035  154 96 96
679.764200000092  155 96 96
