0.22653480793798433  10101010101.010101  
0.17079141870129336  3891050583.6575875  
0.16069075485427972  3125000000.0  
0.126644346561306  2192982456.140351  
0.23234619703377984  1305483028.7206266  
0.7131309746875578  1122334455.667789  
0.16804479141698436  981354268.8910697  
0.2184153756143826  900090009.0009001  
0.14879752365389987  823723228.9950577  
0.4482939896372192  792393026.9413629  
0.306570685058846  761614623.0007616  
0.29486053370653964  652741514.3603133  
0.45255216401067766  575043128.2346176  
0.5803038386629279  520020800.8320333  
0.1543180125312185  473484848.4848485  
0.999984793461704  454132606.72116256  
0.5351288217166562  434782608.6956522  
0.14094201497801082  374111485.22259635  
0.6545198213360623  363240101.7072285  
