0.18472578971710588  11764705882.352942  
0.19987472926166786  5235602094.240838  
0.19817503096199232  4065040650.406504  
0.25878535393703556  3095975232.1981425  
0.2911967468717194  2475247524.7524753  
0.1053454894543778  2087682672.2338204  
0.3967690695502079  1557632398.753894  
0.36471006378234744  1187648456.057007  
0.17612581664849428  1042752867.5703858  
0.5878828712527933  965250965.2509652  
0.15134091543389086  874890638.6701663  
0.8138157077152746  805801772.7639  
0.10981290372217598  747943156.3201196  
0.11017425902776437  699300699.3006994  
0.32668529027673626  604960677.5559589  
0.1021408295825052  556173526.1401557  
0.10910597164085686  532765050.6126798  
0.1383110863929128  486854917.2346641  
0.9999999999999999  461041954.81788844  
0.31835746313336305  422475707.6468103  
0.14117940734628082  400480576.69203043  
0.135426514902383  391083300.74305826  
0.1301996408833565  379075056.8612585  
0.5358426500270156  364963503.649635  
