0.7596162860417065  7874015748.031496  
0.4924831662782048  4149377593.360996  
0.10348921390868782  2314814814.814815  
0.15148541508801558  1136363636.3636363  
0.5700471545510365  994035785.2882704  
0.1733558813422124  896057347.6702509  
0.23637374385135976  820344544.7087777  
0.27878102717695197  730994152.0467836  
0.15212749054967808  706713780.9187279  
0.17585735874124134  613120784.7946045  
0.2930743056224551  544662309.3681917  
0.4096180474176782  495785820.52553296  
0.6851921481453773  436300174.52006984  
0.350652895342635  419111483.6546521  
0.41307149461019027  353356890.45936394  
0.8146696018140004  342348510.7839781  
0.6607646672293482  333555703.802535  
0.7491407360969919  317662007.6238882  
0.24769752213941795  301659125.18853694  
0.43568641181114  294117647.0588235  
0.3662345304459236  279563880.3466592  
0.3044082208089675  271223216.70735013  
0.7747653775311679  263782643.1020839  
0.2408919248460411  258665287.1184687  
0.15916239023751938  238379022.64600715  
0.35724827780565577  229463056.4479119  
0.10426062469175923  223713646.5324385  
0.15828741773655314  207511931.93608633  
0.18463753039272207  187511719.48246765  
0.14714588794197941  184297825.28566164  
0.23398503046101995  177619893.42806393  
0.8587418419481826  170940170.94017094  
0.28952077454854047  162813415.825464  
0.10080142763268567  159159637.11602738  
0.24648714118919604  147210363.60959813  
0.27745856088875614  123900384.09119068  
0.8237037276407876  115968920.32935174  
0.5563633607859509  114481969.08986835  
0.3907772687657798  99581756.62218681  
