0.9612022306960871  7518796992.481203  
0.6873790552184778  4201680672.2689075  
0.17401258042183876  3095975232.1981425  
0.12909017909806533  2666666666.6666665  
0.2818139361035443  2202643171.8061676  
0.2538270510326553  1869158878.504673  
0.36535748659095074  1302083333.3333333  
0.32791111753285834  1037344398.340249  
0.13459975838746244  935453695.0420954  
0.547986683310078  865800865.8008658  
0.24407251172228117  793650793.6507937  
0.7442680965841707  737463126.8436579  
0.11724507214120439  689179875.9476223  
0.12446183382542866  650618087.1828237  
0.37248067574301635  568181818.1818181  
0.10459733050592832  467071461.9336758  
1.0  441111601.2351125  
0.28979067673633063  406669377.79585195  
0.11491409934312795  387296669.2486445  
0.11749413553218367  367376928.7288758  
0.4915282900624592  353857041.75513095  
0.8350774985901561  341997264.02188784  
0.6473214326494816  333111259.16055965  
0.577233580512829  319081046.5858328  
0.3889613564109049  287273771.9046251  
0.1099227037664011  279876854.184159  
0.27810110035499147  269106566.2002153  
0.13271770338690805  242365487.15462917  
0.3017193079016473  235682300.25925052  
0.14277984849590283  226142017.1867933  
0.17613627179150804  221092195.44550076  
0.33691628225209036  214086919.28923142  
0.24442539455259288  199521149.24181962  
0.6042071735578638  195848021.93497846  
0.16980054554057117  183519911.9104423  
0.18440846491441168  179953212.16483715  
0.8434486652133613  172503018.80282906  
0.20790260481188286  166889185.58077437  
0.3423688338263288  160307790.95864058  
0.5865609906593863  157084511.46716934  
0.2809030594820162  150285542.53080854  
0.3505482021563754  131268049.35678656  
0.5761593633869283  126182965.29968454  
0.31530474145489684  121403423.57654487  
0.10078802525260196  119731800.76628353  
0.5057566361367214  116658889.40737285  
0.42771940126588576  115194102.06197442  
0.23055604146498243  113250283.12570782  
0.21729289832496462  103103412.72296113  
0.21600971757352314  100381449.5081309  
0.12968786489842118  96646370.92877163  
0.2353661513620932  95201827.8750952  
0.24183455775725649  93431748.1080071  
0.20093318487161077  92781592.13212098  
0.3407883280585136  91132780.46113187  
0.18802301683088055  90366889.57166095  
